
;图像传感器参数
[CCD Param]
CCDModel=GMAX4651
DeviceID=123
CCD_Sa=4.6
CCD_Sb=4.6
CCD_M=6032
CCD_N=8640
CCD_Pa=2
CCD_Pb=4
CCD_Sch=1
CCD_ADL=2
CCD_phi=2
CCD_PGA=2


;采集参数设定
[Collect Param]
NTmin1=10028325
NTmin2=2850
n=15
L=50
L_BTM=20
L_TOP=70
NTexp2=6685360
NTdark=2850
delta_Tdark=8000000


;辐照度计算
[Light Param]
OeStep=0.120411522633745
OeLight=0.180617283950617
lambda_Oe=560
Np=1
delta_lambda=0.01
L_lambda=0.3
H_lambda=1.1
L2E_lambda=707,601,622,682,632,423,661,856,467,495,560,521,577,451,432
L2E_a2=-1349.723002,-3445.232654,-4348.190648,-276.337873,-1820.319324,-608.818053,6.038676,-102.932036,-9454.149517,-14279.636586,-115.267584,-5376.418561,-2239.757684,-1193.221759,-316.857926
L2E_a1=3302.382637,4264.767435,14244.467201,849.413614,6345.793422,4125.976589,1.175307,2067.313434,24351.064735,35283.512990,1053.676999,13275.080336,3809.802734,3257.890760,862.955387
L2E_a0=-34.262354,-58.590963,-108.217775,-0.794370,-32.587653,-11.237636,13.616474,-8.073506,-35.788172,160.134440,-112.124238,-33.269374,4.936049,4.674832,8.220927
L2E_R=4
L2E_r=100
L2E_Max_nit=0,0,0,0,1.715,0,0,15.4,0,0,0.288,0.578,0,0,0

